1213644662 4233
1214249624 4249
1214250355 4413
1214250404 4400
1214250425 4401
1215464493 4487
1217498821 5301
1217498857 5362
1217498945 5779
1220462531 10231
1220471390 10239
1222198269 10816
1222821498 11232
1224816235 11265
1224818908 11325
1224875302 11359
1225143454 11870
1225199189 11918
1225200587 11915
1225309390 11935
1225327723 11963
1225857654 12011
1225866551 12070
1225923530 12057
1226324071 12169
1226422391 12214
1227033215 12181
1227033291 12181
1227033323 12413
1227539941 12536
1227540174 12619
1230050311 15115
1230063026 15116
1230063089 15124
1230063134 15127
1231277596 15251
1231346106 15250
1231346195 15250
1231351285 15294
1231351319 15328
1231351380 15375
1231352408 15375
1231876868 15382
1231877077 15386
1231877152 15386
1231877193 15386
1231877220 15398
1231877316 15423
1232391226 15455
1232391344 15470
1232391376 15470
1232391420 15474
1232391472 15476
1232391504 15473
1232391535 15475
1232391587 15510
1232391616 15500
1232391663 15499
1232391691 15500
1232391735 15587
1232395352 15588
1232395913 15588
1232557354 15599
1232557859 15600
1232557882 15600
1232557952 15626
1232557985 15683
1232558041 15683
1232641245 15683
1232641287 15683
1232719625 15729
1232737492 15763
1232741748 15741
1232978617 15756
1232979665 15757
1232979789 15755
1232981200 15753
1232981721 15756
1232983674 15756
1232984484 15756
1232985956 15769
1232999088 15500
1233002334 15492
1233005963 15497
1233007755 15492
1233170089 15407
1233179347 15408
1233253157 15411
1233256241 15411
1233258536 15411
1233259252 15413
1233263769 15414
1233330127 15420
1233350335 15542
1233350692 15543
1233354128 15542
1233354196 15542
1233365170 15542
1233365205 15543
1233610237 15546
1233610299 15559
1233676464 15651
1233678070 15651
1233678849 15657
1233760279 15779
1233763538 15779
1233763565 15780
1233763588 15781
1233765214 15781
1234214899 15847
1234214944 21833
1234215002 21767
1234215149 21885
1234217293 21888
1234230970 21887
1234271500 21918
1234284455 21918
1234284499 21921
1234284749 21901
1234284891 21904
1234290151 21907
1234290197 22019
1234293912 22019
1234293932 22021
1234300222 22028
1234381952 22030
1234381989 22033
1234382175 22056
1234382294 22060
1234382319 22066
1234382348 22067
1234382378 22237
1234532904 22237
1234532946 22236
1234532992 22243
1234533352 22241
1234533391 22242
1234533468 22242
1234533652 22251
1234533809 22254
1234534940 22258
1234796373 22259
1234835446 22382
1234835695 22479
1234991009 22482
1234994638 22505
1234994706 22505
1235061282 22511
1235402500 22535
1235402800 22852
1235575074 24699
1235662439 24738
1235757750 24737
1235757897 24840
1235757928 25093
1236308557 25182
1236308625 25202
1236308671 25364
1236694703 25396
1236804231 25399
1236804620 25404
1237309831 25399
1237309942 25401
1237310081 25404
1238160785 25404
1238160822 26030
1238163119 26030
1238179260 26029
1239132504 26035
1239136253 26412
1239136320 26420
1239136328 26412
1239136479 26414
1239720316 26414
1239720334 26431
1240253322 26814
1240257936 26822
1240258029 26841
1240336681 27092
1240336898 27190
1240585723 27224
1240585755 27225
1240585801 27225
1240585817 27233
1241189823 27160
1241189957 27132
1241190041 27187
1241190141 27189
1241190160 27336
1241190218 27358
1241190284 27375
1241190354 27382
1241190469 27389
1241190480 27392
1241190949 27396
1241449253 27396
1241449305 27395
1241547161 27394
1241731390 27438
1241833984 27440
1241835641 27443
1241912909 27443
1241916736 27443
1241920923 27443
1241923522 27443
1242055513 27445
1242055627 27437
1242224873 27442
1242227425 27435
1242332651 27435
1242403898 27020
1242403927 27056
1242403950 27056
1242404069 27056
1242404214 27056
1242404450 27059
1242404597 27059
1242404635 27403
1242404721 27403
1242404944 27404
1242405047 27406
1242424746 27406
1242425028 27407
1242436561 27407
1242436594 27407
1242437303 27407
1242437329 27407
1242439113 27411
1242439134 27411
1242439584 27411
1242439609 27411
1242440418 27413
1242480655 27414
1242480678 27414
1242659250 27422
1242659267 27422
1242660459 27422
1242664090 27422
1242677115 27422
1242746963 27488
1242752815 27488
1242752967 27490
1242784269 27490
1242955511 27493
1242955580 27493
1242956641 27495
1242996713 27510
1242996752 27510
1242996987 27471
1242997367 27471
1242997437 27471
1242997528 27471
1242998014 27445
1242998194 27448
1242998261 27448
1242998330 27448
1242998401 27449
1243002539 27451
1243003096 27451
1243008697 27452
1243008831 27453
1243340948 27457
1243344125 27457
1243345861 27458
1243360287 27458
1243360364 27460
1243360449 27453
1243364683 27453
1244232736 27563
1244232831 27730
1244662383 27844
1244662398 27882
1245083274 27886
1245083711 27888
1245331093 28503
1245331263 29974
1245359474 30287
1245361864 30287
1245438933 30330
1245722712 30510
1246043933 30807
1246319944 30807
1246373042 30865
1246388945 30885
1246884506 31058
1246973807 31135
1247000030 31305
1247000363 31305
1247683988 31345
1247684008 31345
1247776918 31385
1247777124 31393
1247777804 31434
1248285557 31448
1248722567 31448
1249503684 31448
1250630786 32202
1250630805 36357
1250789351 36358
1250789414 36398
1250789491 36415
1250789522 36363
1250801686 36364
1250858078 36364
1250858787 36379
1251133866 36405
1251133885 36417
1251399268 36637
1251399351 36672
1251399410 36678
1251403319 36678
1251476628 36798
1251477137 36799
1251479863 36802
1251479877 36802
1251729448 36807
1251816981 36907
1251817290 36921
1251818254 36924
1251818274 36924
1251986830 36906
1251988371 36906
1251990306 38355
1252005939 38379
1252006374 38379
1252113483 38666
1252113904 38676
1252113996 38677
1252418225 38677
1252418536 38678
1252422105 38691
1252422238 38692
1252425385 38721
1252425427 38797
1252425826 38798
1252427553 38799
1252428453 38799
1252428844 38798
1252435846 38798
1252435909 38798
1252438305 38788
1252520783 38800
1252520952 38828
1252527167 38911
1252528495 38914
1252529784 38916
1252529804 38916
1252592324 38920
1252610503 38921
1252677476 38915
1252678256 39047
1252678366 39048
1252679651 39048
1252699922 39156
1252699982 39281
1252700138 39283
1252700722 39283
1252700983 39285
1252701954 39285
1252701988 39285
1252704093 39284
1252704108 39284
1252705196 39283
1252705210 39283
1252961206 39299
1253026553 39299
1253048481 39306
1253056958 39306
1254247091 40725
1254402994 40727
1254425242 40727
1254436098 40798
1254436207 41005
1254436281 41005
1254517763 41045
1254518200 41059
1254767701 41111
1254770313 41111
1254771083 41111
1254773599 41114
1254774199 41115
1254789063 41115
1254841899 41109
1254843131 41109
1254849011 41109
1254929223 41113
1254937393 41117
1254938476 41117
1254940176 41114
1254962250 41119
1254964107 41119
1255455048 41120
1255458799 41122
1255459765 41122
1255469353 41122
1255532215 41142
1255704159 41142
1255704191 41152
1255704210 41152
1255710505 41152
1255710533 41152
1255713949 41152
1255980133 41165
1255980194 41190
1256141116 41236
1256668952 41236
1256741710 41306
1256836502 41306
1256836547 41306
1256836589 41306
1256836622 41306
1257275394 41335
1257275789 41335
1257276354 41335
1257276726 41360
1257276759 41359
1257276774 41359
1257365780 41388
1257371249 41672
1257371397 41672
1257373682 41674
1257373696 41674
1257430114 42089
1257436662 42089
1257436695 42089
1257437643 42087
1257437670 42087
1257437683 42087
1257438316 42087
1257438334 42087
1257438395 42292
1257450969 42292
1257450995 42292
1257516970 42313
1257525284 42337
1257535825 42369
1257536842 42373
1257537234 42373
1257865883 42396
1257866114 42948
1258041600 43057
1258041732 43208
1258060677 43225
1258060733 43225
1258126409 43237
1258126987 43474
1258476157 43253
1258476269 43427
1258763335 43447
1258763416 43447
1258765771 43450
1258994722 43450
1259028129 43460
1259029267 43470
1259031949 43441
1259031981 43441
1259034298 43441
1259097415 43441
1259100811 43573
1259101537 43606
1259102744 43643
1259104775 43639
1259203793 43696
1259203809 43696
1259207811 43727
1259207826 43727
1260366171 46233
1260542557 43737
1260565033 43876
1260808463 44504
1260812806 44504
1260822608 44505
1260824399 44510
1260974246 44536
1260996312 44551
1260999537 46233
1261069015 46234
1261073952 32792
1261079551 32794
1261153686 32795
1261167856 32744
1261368829 32741
1261496973 32518
1261501037 32518
1261501406 32521
1261509091 31107
1261509758 31107
1261518930 31108
1261586065 31109
1261595373 31108
1261622812 31108
1261622950 31108
1262619463 31110
1262619573 31110
1262619661 31110
1262619869 31110
1262624650 31185
1262637678 31190
1262638572 31222
1262638745 31220
1262638960 31220
1262639153 31220
1262639250 31222
1262639520 31222
1262640437 31222
1262640544 31222
1262668259 31233
1262688749 31634
1262710196 31162
1262713986 31166
1262714131 31167
1262894722 31186
1262952024 31228
1263200426 31228
1263204146 31226
1263218806 31228
1263228718 31230
1263228918 31233
1263229174 31236
1263243765 31240
1263249523 31241
1263251562 31543
1263251689 31544
1263311379 31550
1263312778 31544
1263313154 31547
1263324595 31549
1263424659 31551
1263427262 31553
1263441187 31555
1263441227 31555
1264010216 31563
1264099484 31568
1264171438 31571
1264172512 31663
1264178613 31572
1264441051 31667
1264441119 31669
1264521924 31681
1264530129 31687
1264792766 31700
1265127308 31700
1265128027 31706
1265128288 31706
1265135088 31715
1265140735 31718
1265140764 31752
1265140806 31753
1265222749 31749
1265227972 31752
1265736966 31764
1265758797 31764
1265907595 31767
1265907608 31768
1265907660 31769
1265916950 31773
1265917001 31774
1265933746 31775
1266247688 31776
1266247743 31777
1266356152 31777
1266356333 31778
1266430352 31775
1266508638 31775
1266508704 32294
1266509188 32294
1266510446 32295
1266511244 32298
1266513638 32282
1266516362 32284
1266541510 32285
1266542194 32284
1266550070 32157
1266592850 32159
1266610603 32159
1266610734 32160
1266864731 32161
1266872727 32166
1266876251 32166
1267024764 32167
1267025232 32169
1267111427 32172
1267453951 32173
1267541727 32173
1267541830 32175
1267542268 32177
1267665708 32182
1267716472 32183
1267716560 32185
1267733898 32185
1267733967 32187
1267755389 32186
1268143556 32187
1268624115 32244
1268640183 32240
1268751242 32244
1268812287 32191
1268941500 54721
1268948175 54721
1268948364 54721
1268948378 54721
1268948482 54721
1268948675 54721
1268948775 54721
1268948910 54721
1268949034 54721
1268949718 54721
1268949895 54721
1268949954 54721
1268950093 54721
1268950373 54721
1268950549 54723
1268950622 54723
1268950716 54723
1268953337 54723
1268953407 54723
1268953527 54723
1268953603 54723
1269333388 54813
1269392664 54910
1269396560 54864
1269396914 54866
1269432151 54887
1269438100 54889
1269452049 54905
1269456018 54885
1269456141 54886
1269457826 54890
1269466151 54892
1269531159 54907
1269532394 54938
1269538630 54939
1269540129 54939
1269540440 54940
1269608674 54943
1269608844 54956
1269873362 54956
1269888012 54959
1269888304 55055
1269888456 55059
1269891999 55109
1269893615 55117
1269900326 55188
1269900418 55189
1269901740 55196
1269903079 55196
1269970987 55005
1269973653 55005
1269973703 55005
1270038493 55005
1270047908 55009
1270048038 55011
1270049437 55011
1270059450 55013
1270076545 55019
1270079685 55055
1270141413 55055
1270144297 55055
1270477083 55055
1270477465 55057
1270477997 55057
1270503965 55245
1270504090 55272
1270504142 55280
1270514680 55281
1270568719 55283
1270577368 55284
1270578459 55287
1270581658 55292
1270647180 55294
1270647330 55294
1270657295 55301
1270677736 55308
1270683273 55311
1270684671 55311
1270734271 55316
1270734591 55362
1270735241 55365
1270735880 55453
1270735994 55454
1270741956 55485
1270748215 55489
1270825239 55494
1270904865 55496
1270911780 55556
1270911830 55558
1271082013 55638
1271088465 55640
1271094045 55641
1271094170 55649
1271094382 55658
1271096984 55677
1271100429 55682
1271101893 55682
1271170532 55684
1271174921 55683
1271182962 55761
1271183297 55832
1271183468 55835
1271183496 55835
1271191816 55839
1271192162 55841
1271266974 55861
1271275612 55863
1271345686 55864
1271346587 55863
1271346595 55866
1271796445 55876
1271800034 55877
1271800701 55886
1271882371 55886
1271883559 55886
1272034638 56937
1272034756 56331
1272035014 56351
1272035273 56364
1272036774 56413
1272036906 56431
1272038196 56475
1272038335 56504
1272038768 57076
1272038974 57076
1272039157 57076
1272039281 57116
1272039966 57129
1272040348 57129
1272040806 56662
1272044077 56663
1272117555 56651
1272286827 56653
1272287859 56655
1272311724 56672
1272398125 56673
1272401179 56672
1272464872 56673
1272469499 56675
1272483258 56936
1272484865 56939
1272485008 56941
1272487639 56946
1272490665 56948
1272611207 57294
1273027266 57582
1273068132 57616
1273069451 57813
1273072248 57815
1273081327 57816
1273153432 57818
1273176523 57823
1273180029 57825
1273256887 57830
1273259337 57832
1273259363 58078
1273497655 58081
1273497663 58072
1273514670 58075
1273518413 58053
1273519325 58050
1273534648 58050
1273537091 58050
1273583588 58050
1273583953 58054
1273584072 58053
1273584141 58054
1273699362 58045
1274116409 58047
1274116628 58072
1274116810 58075
1274120530 58116
1274120800 58116
1274215177 58118
1274291508 58120
1274375113 58122
1274380547 58122
1274385096 58153
1274385836 58155
1274425036 58186
1274451085 58250
1274451407 58247
1274463572 58246
1274468629 58230
1274469288 58230
1274474252 58234
1274475280 58234
1274726634 58249
1274726693 58249
1274726766 58249
1274726817 58477
1274726988 58498
1274727039 58638
1274727074 58638
1274731244 58708
1274732969 58708
1274752469 58715
1274752537 58715
1274793956 58720
1274793978 58720
1274810269 58720
1274811535 58553
1274812052 58568
1274894674 58568
1274907310 58568
1274987680 58671
1274987803 58753
1274991569 58785
1274991759 58785
1274992283 58786
1274992304 58786
1274993674 58793
1274993740 58793
1275362421 58889
1275362882 58890
1275408760 58890
1275408786 58960
1275408844 58963
1275408884 58965
1275408926 58994
1275409000 58994
1275430553 59005
1275445819 59006
1275445872 59008
1275576189 59002
1275580097 59003
1275580125 59004
1275663945 59004
1275664212 59004
1275685408 59029
1275932310 59041
1276007651 59043
1276017351 59045
1276017848 59044
1276022230 59063
1276023098 59063
1276023122 59063
1276028189 59063
1276030057 59068
1276030171 59069
1276105732 59073
1276177058 59073
1276177086 59073
1276180590 59073
1276180611 59073
1276189644 59073
1276191267 59075
1276278360 59073
1276291635 59073
1276545780 59100
1276547415 59100
1276547520 59102
1276611355 59213
1276612294 59213
1276612390 59236
1276630481 59237
1276630521 59237
1276631150 59248
1276694641 59252
1276694654 59264
1276699845 59292
1276708058 59294
1276783745 59297
1276807074 59302
1276807163 59305
1276831651 59848
1277143483 59855
1277143540 59860
1277143756 59859
1277143813 59863
1277144343 59869
1277150984 59869
1277188049 59869
1277220547 59871
1277220564 59871
1277224162 59871
1277224364 59874
1277326597 59874
1277326639 59877
1277825950 59872
1277826024 59843
1277836019 59844
1277839762 59849
1277908995 59851
1277927548 59880
1277928854 60052
1277928935 60055
1277929103 60060
1277997298 60061
1278012861 60061
1278086269 60108
1278086393 60112
1278096552 60122
1278437138 60132
1278437297 60133
1278437450 60168
1278437589 60172
1278445788 60172
1278445825 60177
1278447597 60181
1278511017 60187
1278511086 60187
1278512024 60186
1278512096 60190
1278512945 60190
1278512985 66175
1278513152 66180
1278518809 66175
1278518830 66180
1278519589 66176
1278600648 66177
1278601257 66177
1278613437 66222
1278700897 66224
1278704769 66226
1278955089 66230
1278955424 66235
1279031428 66237
1279033838 66247
1279037844 66287
1279049755 66287
1279569705 66328
1279570951 66332
1279570983 66419
1279626588 66420
1279636145 66426
1279647121 66426
1279733584 66418
1279733895 66439
1279834849 66467
1279849314 66467
1279907944 66468
1279908561 66468
1279914730 66468
1280012541 66469
1280158005 66487
1280172619 66554
1280175227 66554
1280235840 66554
1280252750 66549
1280254386 66539
1280254451 66540
1280259728 66510
1280259985 66527
1280261184 66527
1280261330 66530
1280298760 66533
1280709802 66567
1280848333 66870
1280855251 66870
1280855340 66882
1280865598 66879
1280866083 66873
1280867048 66902
1280951275 66907
1280951316 66907
1280951342 66912
1281026743 66916
1281026790 66916
1281026824 66920
1281026840 66945
1281027762 66949
1281392994 66962
1281394747 66971
1281678289 67000
1281678684 67000
1281933699 67013
1282116209 67016
1282116224 67016
1282194777 67060
1282199862 67072
1282737608 67082
1282739088 67151
1282745926 67256
1282749445 67263
1283315634 67427
1283316067 67430
1283316087 67516
1283316105 67516
1283316125 67516
1283316137 67525
1283359472 67509
1283361068 67522
1284400337 67552
1284400374 67553
1284400432 67553
1284400483 67553
1284400503 67581
1284400576 67629
1284419798 67628
1284484463 67629
1284484520 67657
1284557352 67657
1284578379 67702
1284578691 67741
1284578707 67743
1284692383 67869
1284692394 67871
1284692399 67871
1284950640 67871
1285042711 67875
1285165730 67876
1285186280 67888
1285489040 68641
1285543263 68652
1285548147 68662
1285549741 68640
1285549769 68643
1285550038 68942
1285550044 68974
1285550321 70614
1285552242 70614
1285552259 70615
1285578682 70742
1285578739 70751
1285579491 70783
1285584235 70785
1285591990 70784
1285593002 70745
1285609464 70742
1285856458 70992
1285856802 70996
1285875249 70996
1285940214 71137
1285951760 71142
1285964733 71136
1286312653 71143
1286312660 71195
1286325181 75060
1286325243 75063
1286325317 73252
1286325940 73393
1286377272 73397
1286395442 73403
1286470420 73400
1286795277 73487
1286799889 73499
1286800006 73556
1286801130 73568
1286935306 73573
1286973086 73577
1286976737 73594
1287036389 73636
1288004758 74225
1288004837 74277
1288006285 74279
1288006736 74280
1288013161 74314
1288013358 74321
1288013581 74333
1288013659 74345
1288046250 74654
1288066120 74675
1288070258 74675
1288118135 74675
1288224601 74702
1288224714 74719
1288225704 74724
1288237180 74725
1288240124 74725
1288622522 74730
1288720760 74745
1288881118 74758
1288882904 102420
1288966390 74758
1289172966 74778
1289172976 74834
1289172993 74835
1289173001 74852
1289173016 74880
1289229781 74906
1289229890 75417
1289229942 75444
1289231053 75444
1289231446 75477
1289254834 75504
1289343004 75504
1289343543 75491
1289428045 75500
1289454345 75613
1289455019 75613
1289460242 75698
1289511432 75705
1289511666 75705
1289513411 75703
1289515909 75704
1289516688 75731
1289534696 75731
1289771599 75731
1289773863 75732
1289850854 75746
1289860581 75746
1289942773 75749
1290107025 75890
1290139313 79644
1290188311 75892
1290188332 75901
1290192865 75901
1290196759 75902
1290375050 75939
1290375079 75956
1290375086 76107
1290389463 76263
1290401114 76924
1290445574 76930
1290453339 76928
1290549156 76930
1290549285 76930
1290569761 76930
1290572786 76933
1290572933 76938
1290584931 76964
1290585150 76997
1290607790 77059
1290685502 77067
1291059813 77640
1291072110 77670
1291077356 77671
1291083683 77673
1291131413 77686
1291143059 77730
1291169038 77732
1291169063 77712
1291170802 77713
1291172250 77704
1291180036 77708
1291182231 77711
1291233076 79637
1291252982 77711
1291267432 79593
1291267476 79593
1291267487 79606
1291394682 79607
1291411458 79694
1291412821 79696
1291427300 79696
1291432516 79696
1291432539 79694
1291596622 79681
1291615418 79681
1291642951 79644
1291645704 79637
1291646635 79642
1291646940 79672
1291647885 79668
1291649603 79668
1291677964 79672
1291678037 79679
1291678055 79679
1291678057 79672
1291678058 79672
1291678072 79716
1291678221 79668
1291678919 79663
1291679502 79681
1291679526 80068
1291679812 80068
1291682357 80075
1291682486 80083
1291695516 80083
1291697860 80935
1291740117 80087
1291741399 80101
1291789089 80104
1291825508 80299
1291835318 80300
1291873521 83134
1292009079 80300
1292011211 80472
1292013034 80472
1292289599 80510
1292297153 80514
1292307907 80746
1292382450 80515
1292393609 80518
1292439565 80666
1292518679 80531
1292981128 80670
1292987484 80674
1293062865 80674
1293079364 80723
1293080991 80745
1293082708 80795
1293083080 80803
1294114078 80912
1294196144 80957
1294291915 83713
1294292122 83820
1294324004 83080
1294358720 83110
1294382968 83192
1294384151 83230
1294384238 83322
1294618237 83326
1294785689 83327
1295311405 83348
1295555885 83441
1295567725 83441
1295578203 83473
1295578686 83479
1295624363 83815
1295808860 83950
1295892850 83950
1295892889 83950
1295893292 83967
1295909186 83976
1295920501 83975
1295925088 84033
1296213496 84034
1296428877 84070
1296429881 84081
1296433942 84081
1296435701 84081
1296530693 84134
1296532845 84172
1296532855 84173
1296534755 84198
1296747861 85246
1296755314 85246
1296795791 85325
1296795857 85359
1296798600 85415
1296799968 85766
1296823986 85835
1296824010 85841
1296824027 85856
1297040318 85856
1297045714 85863
1297049262 85868
1297054318 85874
1297108395 85894
1297108463 85896
1297108477 85901
1297126632 85872
1297126680 85874
1297133558 85875
1297133800 85876
1297148495 85908
1297163811 85926
1297211362 85928
1297212780 85929
1297213138 85933
1297306184 86155
1297337389 85995
1297337437 85998
1297382189 86038
1297387114 86236
1297401156 86002
1297442003 85998
1297455712 85998
1297890800 86063
1297890823 86061
1297890916 86061
1297891071 86079
1297923012 86068
1297923338 86280
1297959821 86113
1297960837 86032
1297988797 86259
1297991680 86265
1297994271 86376
1298019825 86383
1298245105 86447
1298246268 86447
1298425201 86450
1298428567 86474
1298429711 86481
1298429902 86479
1298851764 86487
1298938592 86489
1299199088 86613
1299218972 86629
1299219809 86636
1299221262 86637
1299221284 86639
1299221336 86798
1299221354 86801
1299221532 86874
1299223682 86875
1299253900 86944
1299255164 94448
1299255337 94448
1299256788 94532
1299470966 94552
1299688739 94583
1299688759 93727
1299730486 93755
1299739018 93759
1299784355 93779
1299823012 93779
1299859077 93543
1299859232 93609
1299859259 93670
1300059194 93695
1300228418 93687
1300237162 93689
1300276543 93850
1300316252 93677
1300319386 93733
1300391129 93731
1300404994 93758
1300419503 93782
1300431132 93785
1300701972 93789
1300713475 93793
1300713650 93794
1300717980 93794
1300745991 93797
1300748808 93848
1300749097 93847
1300801593 93900
1300805692 93909
1300858829 93913
1300858962 93938
1300864570 93938
1300922301 94098
1300942909 93940
1301028841 93940
1301065272 93952
1301281263 93969
1301634022 94089
1301635924 97556
1301637151 97599
1301641747 97594
1301642670 97608
1301642943 97601
1301643418 97623
1301684751 99424
1301879144 97654
1301984581 97655
1302049466 97676
1302220537 98116
1302229482 98123
1302652943 98140
1302708312 98214
1302715652 98214
1302715708 98219
1302727537 98220
1302762478 99163
1302851485 98294
1302851499 98294
1302851507 98342
1302851800 98913
1302851883 98914
1302852673 99305
1302852963 99346
1302853233 99347
1302854778 99316
1302856511 99849
1302873201 99320
1302884282 99347
1302884299 99360
1302896465 99305
1302896610 99581
1303106001 99646
1303270400 99849
1303270457 99849
1303270485 99849
1303270543 99832
1303270570 99838
1303270638 99837
1303279251 99838
1303291076 99854
1303302854 99884
1303871556 99646
1303926282 99829
1304033666 99849
1304044145 99909
1304061024 99934
1304405701 99954
1304426637 99956
1304478611 99957
1304479920 100000
1304635009 100033
1304654432 100033
1304924957 100053
1304987359 100055
1305053222 100056
1305057371 100057
1305069832 100059
1305159008 100065
1305296888 96302
1305314099 100120
1305314210 100147
1305314314 100146
1305314400 100151
1305314517 100184
1305314771 100189
1305314835 100174
1305316011 100188
1305316052 100188
1305316125 100188
1305316243 100414
1305317128 100331
1305470611 100331
1305494969 100331
1305500358 100332
1305550567 100319
1305553724 100370
1305553747 96123
1305558837 96121
1305591624 96128
1305595318 96130
1305651907 96354
1305658172 96354
1305686148 96356
1305689326 96504
1305734502 96504
1305870322 96538
1306124343 96546
1306341063 97832
1306357496 96550
1306439985 96558
1306440008 96558
1306440021 96564
1306440032 96567
1306440043 96585
1306440056 96585
1306474401 96656
1306722270 96707
1306813283 96740
1306882723 96748
1306897713 96751
1306902945 96753
1306951019 97210
1307080889 96768
1307082885 96812
1307496870 96819
1307513484 96846
1307588709 96846
1307681764 96854
1307681910 96944
1307682063 96982
1307682968 97207
1307688565 97002
1307688812 97033
1307990791 97034
1308008385 97175
1308010370 97211
1308010396 97210
1308083549 97223
1308098780 97225
1308106071 97247
1308106715 97251
1308106756 97255
1308246609 97255
1308606269 97255
1308698307 97295
1308704989 97314
1308720852 97327
1308723038 97331
1308790500 97355
1308883352 97355
1308883370 97355
1308883376 97356
1308883380 97356
1308883384 97345
1308883393 97369
1308885351 97389
1308886206 97533
1309142379 97532
1309153399 97536
1309157064 97685
1309303276 97832
1309325474 97939
1309418149 97995
1309492938 98012
1309521648 137793
1309529966 137809
1309549202 105968
1309741666 105944
1309996346 105944
1310052840 105948
1310109521 106062
1310109555 106070
1310109672 106077
1310109686 106099
1310110106 106102
1310346436 106114
1310425246 106105
1310440862 106111
1310484362 106115
1310514175 106021
1310529529 106021
1310546883 106021
1310547367 106040
1310706632 79479
1310965455 106043
1311034501 106042
1311034917 79320
1311045687 79333
1311045694 79346
1311045702 79371
1311074150 79371
1311076105 79379
1311133278 79479
1311139565 79480
1311142431 79480
1311143157 79481
1311305867 79570
1311306333 79573
1311315556 81576
1311317596 81950
1311354525 81946
1311685660 81950
1311686972 82023
1311747561 82023
1311831294 82046
1311834513 82124
1312175679 82477
1312224296 82124
1312301232 82124
1312338321 82129
1312415886 82135
1312415953 82131
1312436626 82149
1312506172 82478
1312511021 82486
1312514381 82504
1312514395 82606
1312547286 82704
1312555473 82765
1312555491 82779
1312555519 82885
1312555531 82886
1312555789 82886
1312556282 82901
1312572598 82902
1312763361 82900
1312766129 82903
1312770394 82904
1312775436 82904
1312775445 82904
1312776013 82904
1312936355 82916
1312944618 82904
1312945182 82890
1312947912 82893
1312954660 82893
1313110645 81386
1313118238 81420
1313462217 81455
1314318637 82641
1314329993 82641
1314332414 82648
1314335873 82692
1314579026 82696
1314922819 82691
1314924211 82731
1314924960 82769
1314925234 82766
1314929155 82832
1314936010 82843
1314938435 82899
1314939057 83050
1314942976 83041
1314943092 83192
1314943468 83192
1314945349 83192
1314945677 83172
1314947934 83306
1314953226 83351
1315205745 83350
1315272408 83350
1315279802 83401
1315284041 83401
1315284165 83404
1315284180 83404
1315284321 83365
1315284331 83383
1315284339 83401
1315359560 83439
1315373069 83432
1315378684 83432
1315444804 83435
1315496250 83433
1315515244 83435
1316128917 83558
1316128992 83599
1316129520 83615
1316135163 83796
1316136916 83802
1316137799 83832
1316146561 83875
1316148115 83981
1316148224 83983
1316153826 84153
1316155076 84134
1316155207 84134
1316155340 84153
1316538953 84169
1316760227 84338
1317097988 84339
1317222449 84445
1317353245 84558
1317362380 84274
1317362600 84416
1317363514 84260
1317364248 84271
1317365309 84271
1317366215 84282
1317367269 84305
1317368079 84340
1317368175 84356
1317368721 84429
1317368852 84499
1317387451 84513
1317624757 84564
1317624895 84540
1317909560 84640
1317943838 84582
1317966853 84649
1317966873 84661
1318201331 84726
1318995143 84721
1319083211 84745
1319431016 85586
1319433221 84745
1319435341 84744
1319614109 84752
1319741160 84756
1320098551 84756
1320128646 85654
1320280541 86353
1320299865 86353
1320300031 86353
1320306307 86367
1320366312 86376
1320367072 85209
1320367522 85143
1320367593 85139
1320430175 85139
1320644205 85304
1320709152 85139
1320711531 85107
1320712092 85114
1320727330 85235
1320731253 85236
1320802833 85252
1320807973 85256
1320808259 85268
1320810781 85276
1320814753 85282
1320899511 85282
1320947656 85282
1321246455 85298
1321271433 85298
1321393607 85029
1321396051 85031
1321470300 85031
1321492496 85034
1321510305 85194
1321593316 85195
1321848166 85195
1321937798 85587
1322001221 85447
1322017648 85634
1322024425 88725
1322029102 85457
1322453093 85628
1322453712 85660
1322455215 85929
1322574299 85663
1323141278 85929
1323666018 85811
1323750965 85812
1323755131 85946
1323755653 85953
1323814794 85975
1323838983 87845
1323841537 87832
1323922825 85841
1324056902 85845
1324251172 85576
1324252944 85620
1324264079 85634
1324271288 85631
1324319697 85635
1324366302 87954
1324437558 85626
1324437863 87953
1324529603 87931
1325548576 87907
1325548631 85626
1325550453 87916
1325567159 87806
1325568444 87793
1325650846 87317
1326181898 85626
1326256060 85639
1326256066 85642
1326256169 85643
1326840104 85666
1327017006 85702
1327017709 85716
1327023572 85716
1327037733 85801
1327335814 85805
1327335882 85851
1327381490 85861
1327385480 85874
1327387175 85839
1327389851 85884
1327390296 85975
1327397738 86089
1327397832 85977
1327401717 86007
1327401892 86054
1327401981 86089
1327402505 86144
1328599023 86312
1328607867 86355
1328615587 86355
1328622116 86355
1328833916 86346
1328835947 86350
1329292200 88111
1329453145 88663
1329701096 88067
1329718538 86345
1329807789 86347
1329974375 87733
1330045403 87736
1330319052 87744
1330319085 87750
1330319192 87840
1330320987 87748
1330678177 88909
1331077390 87748
1331174009 87748
1331183620 87847
1331183865 87748
1331253149 87937
1331535542 87805
1331783809 87868
1331814952 87793
1332202881 87439
1332308861 87451
1332719217 87464
1332736629 87464
1332736976 87464
1332784233 87465
1332809670 87815
1332819073 87816
1332820439 87945
1332820593 87946
1332821244 87946
1332823107 88111
1332832785 88229
1332876393 88226
1333042534 88244
1333089682 88246
1333090134 88240
1333373348 88315
1333513831 88418
1334099345 88663
1334099576 88666
1334099662 88711
1334099710 88707
1334129278 88898
1334153997 88902
1334165227 88906
1334165755 88914
1334168365 89050
1334169722 89051
1334177176 89000
1334177212 89009
1334194497 89024
1334198968 89050
1334201171 89374
1334204637 89430
1334206738 89374
1334250594 89428
1334250960 89432
1334607598 89432
1334609040 89482
1334644878 89468
1334644911 89478
1334662545 89486
1334683829 89502
1334707429 89497
1334795678 89502
1334801843 89625
1334815225 89594
1334837908 89619
1335162227 100372
1335485655 89820
1335497995 89823
1335498531 89823
1335551915 89823
1335807945 89834
1335901970 89827
1335906454 89828
1335970069 99955
1336400596 101393
1336622072 99962
1336956662 100148
1336956861 100181
1336957503 100183
1336957687 100202
1336958206 100251
1336958697 100307
1336959066 100307
1336959361 100357
1336959580 100357
1336960078 100372
1336962941 100388
1336963070 100508
1336963115 100748
1336963161 100749
1336963259 100760
1336963736 100875
1336963756 100903
1336964200 100980
1336968934 100991
1336977595 101431
1336983797 101437
1336983808 101437
1336989828 101430
1336990758 101455
1337042553 101453
1337151044 100916
1337656762 101495
1337661817 101459
1337713234 101457
1337713326 101477
1337719086 101503
1337755752 101553
1337756216 101554
1337799298 101554
1337800045 99840
1337919408 99860
1337919414 99914
1337919419 99884
1337919424 99950
1337919431 99964
1337919598 99984
1337923453 99997
1337924965 99998
1338271001 100011
1338320303 100023
1338355067 100193
1338357603 100233
1338358836 100263
1338358921 100272
1338457979 100299
1338507856 100383
1338519607 100381
1338522367 100386
1338523534 99948
1338526369 100011
1338529725 100017
1338533386 100277
1338533897 100258
1338844576 100258
1338844641 100258
1338995989 100258
1339033131 100258
1339120479 99960
1339125490 99972
1339126498 99982
1339126630 99987
1339291300 99994
1339300935 100003
1339300975 100003
1339304895 100004
1339308851 100005
1339441388 103667
1339524565 100005
1339524789 100010
1339746516 100257
1339748157 100266
1339808470 100266
1339975649 100266
1339977010 100465
1340076724 100505
1340093571 100509
1340158482 100515
1340325089 100738
1340329627 100741
1340697286 100745
1340956428 100761
1341293582 100857
1341293811 100870
1341293831 100870
1341293993 102116
1341294421 102116
1341295753 102116
1341379733 102043
1341447475 102043
1341539031 102043
1341586242 102058
1341781666 103403
1341902378 103176
1341979474 103134
1341988780 102185
1341988803 102186
1341990217 102186
1342060571 102659
1342062662 102192
1342062684 102261
1342062744 102264
1342062795 102276
1342062847 102276
1342062961 102277
1342067681 102324
1342069089 102337
1342072171 103618
1342094668 102351
1342108104 102429
1342108118 102432
1342108134 102454
1342110810 102452
1342110911 102456
1342111080 102499
1342134244 102501
1342139092 102574
1342141044 102575
1342141088 102612
1342144525 102639
1342144568 102650
1342145217 102758
1342146371 102834
1342146420 102835
1342146739 102843
1342148012 102836
1342149821 102913
1342157478 103178
1342157896 103178
1342158068 103199
1342158867 103431
1342165278 103725
1342484989 103725
1342540923 103773
1342546427 103773
1342573842 103745
1342574686 103747
1342574720 103768
1342593627 103787
1342624528 103792
1342630990 103796
1342719042 103796
1342733736 103796
1343173702 103805
1343365981 103812
1343697542 103822
1343704298 105281
1343704698 103835
1343827558 104305
1343891958 103863
1343892763 104014
1343894684 104024
1343894855 104043
1343894928 104042
1343936062 104047
1343936094 104079
1343936114 104093
1343936150 104095
1343936169 104126
1343945855 104189
1343945939 104197
1343947240 104229
1343954752 104271
1343954772 104289
1343954783 104305
1343955270 104305
1343956312 104361
1343956411 104400
1343964042 104504
1343971673 104504
1343994363 104535
1343994401 104535
1344006637 104535
1344006911 104470
1344007473 104519
1344261348 104522
1344391429 104542
1344391556 104547
1344488381 104484
1344554347 104488
1344851954 104522
1345681212 104552
1345743453 105018
1345772338 104592
1345775358 105018
1345775726 105076
1345775818 105074
1345778493 105097
1345778860 105097
1345779728 105130
1345779892 105177
1345780930 105215
1345781785 105216
1345782547 105221
1345784909 105281
1345788419 105307
1345790128 105308
1345791346 105311
1346019767 105407
1346134758 105476
1346216915 105607
1346222377 105613
1346287533 105619
1346770387 105634
1346825208 105634
1347032582 109421
1347239722 105729
1347239744 105735
1347239844 105748
1347244822 105749
1347312024 105753
1347312314 105779
1347335251 105854
1347848029 105967
1347924448 108704
1347924483 105968
1347931602 108704
1347940118 105986
1347940135 105986
1347940315 105986
1347946567 108697
1348009750 105986
1348026734 108411
1348027358 108415
1348034673 108419
1348101747 108576
1348119818 108588
1348119824 108615
1348119835 108664
1348119870 108671
1348122154 108677
1348187866 108678
1348189804 108694
1348526523 108878
1348528701 108883
1348543988 110065
1348545404 108888
1348545748 108912
1348546247 108912
1348546507 108917
1348719517 108726
1348720034 108729
1348720204 109946
1348724501 109156
1348783716 109345
1348799704 109416
1348803821 109437
1348812751 109508
1348815401 109550
1348817623 110578
1348819094 110612
1348819176 110652
1348819421 109895
1348819749 109972
1348820247 110034
1349142498 110034
1349146379 110035
1349239617 110035
1349306068 110035
1349315572 110035
1349334270 110058
1349346907 110071
1349347094 110079
1349653155 110079
1349686009 109929
1349686133 110079
1350520138 110037
1350520558 110043
1350532682 110043
1350611357 110050
1350965556 110050
1350969000 110051
1351059498 110054
1351120487 110083
1351131834 110079
1351143510 110097
1351227584 111197
1351233635 109935
1351478903 110319
1351478917 110322
1351489688 110336
1351490593 110396
1351493008 110451
1351493023 110452
1351496681 110453
1351568340 110538
1351639507 110545
1351649210 110585
1351667685 110641
1351733260 110719
1351748553 110723
1351750214 110787
1351779805 110924
1351827930 110961
1351827936 110962
1351829423 111029
1351829461 111049
1351837595 111102
1351846005 111123
1352065248 111160
1352086538 111233
1352092257 111225
1352093696 111236
1352176824 111662
1352181993 111662
1352260207 111662
1352263397 111686
1352328261 111685
1352335211 111685
1352346230 111764
1352346544 111761
1352352917 111760
1352867799 111772
1353629993 111990
1354003424 112134
1354070557 112134
1354071325 112877
1354084420 112138
1354150191 112161
1354150200 112201
1354150202 112237
1354150210 112268
1354518552 112486
1354524567 112515
1354674158 112877
1354688973 112884
1354689065 112886
1354689155 112898
1354690192 112934
1354853218 111326
1355107049 112934
1355107899 112944
1355112744 112961
1355119218 112952
1355288015 112999
1355291253 111582
1355292098 111583
1355358284 111613
1355358314 111669
1355358379 111738
1355358591 111739
1355363594 111745
1355364440 111811
1355367266 111898
1355367457 111847
1355367504 111845
1355382209 111846
1355455495 112028
1355460331 112029
1355460938 112037
1355465084 112030
1355466592 112035
1355471157 112633
1355731117 112110
1355733917 112157
1355808150 112413
1355871227 112665
1355886782 112839
1355889307 112951
1355893510 112976
1355896321 112977
1355898846 113098
1355927176 113745
1355966520 113149
1355967232 113534
1355971922 113555
1355971931 113653
1355982126 113772
1356044817 113772
1356047269 113797
1357106514 113798
1357173794 113777
1357184404 113777
1357187865 113829
1357276646 113842
1357619113 114451
1357621040 113843
1357693315 114327
1357700059 113939
1357700200 114101
1357782492 114451
1357834580 114452
1357871780 110872
1358122099 110871
1358202857 111020
1358211538 111023
1358372247 111169
1358396376 111244
1358725663 111279
1358969320 111292
1359078122 111329
1359673167 111409
1359909752 111414
1359950930 111412
1360047949 111414
1360047969 111426
1360132630 111564
1360133139 111609
1360139704 111763
1360202901 111767
1360205945 111769
1360219482 111817
1360561174 111864
1360656339 111858
1360711315 111866
1360801112 113711
1360802323 113797
1360809621 112031
1360911455 111881
1361117514 111921
1361118649 111881
1361130840 111948
1361148923 111881
1361187472 112003
1361250728 111816
1361298477 111829
1361342550 111833
1361407468 111882
1361407534 111882
1361409558 111882
1361427618 111956
1361486267 111886
1361496182 111942
1361771033 111939
1361771059 112379
1361771475 112437
1361796661 113016
1361842970 112912
1361849966 112912
1361870308 112913
1361932104 112912
1361938064 112924
1361949104 112925
1361949133 112939
1361950611 112950
1361951602 113097
1361952697 113102
1361952718 113103
1361953975 113109
1362060740 111803
1362087474 112881
1362093898 113109
1362374108 113124
1362374275 113124
1362375668 113952
1362460954 113952
1362542524 113874
1362546289 113915
1362546333 113861
1362547459 113861
1362549652 113825
1362725209 112177
1362728644 112251
1363060562 112251
1363060912 112252
1363091647 112252
1363128050 112619
1363150238 112257
1363151914 112310
1363153657 112311
1363155417 112612
1363158827 112300
1363215502 112374
1363220933 112626
1363239366 112405
1363584137 112460
1363592326 112465
1363670640 112881
1363684337 112884
1363738543 112954
1363741977 112981
1363756478 113797
1363827818 113844
1363839441 112996
1363840373 113449
1363844050 113481
1363846705 112987
1363909565 113333
1363930865 113336
1363931629 113372
1363935555 113483
1364166609 113483
1364178381 113502
1364180510 112630
1364182871 113523
1364184820 113523
1364187487 113617
1364198833 113914
1364254513 112589
1364269120 112596
1364269149 112596
1364282987 112596
1364347138 112601
1364348974 112600
1364353524 112618
1364355955 112632
1364364285 112632
1364441064 113053
1364445907 113064
1364858228 113064
1364862804 113174
1365139304 113361
1365142907 113372
1365378426 113378
1365574988 113378
1365603634 114178
1365641993 113392
1366601780 115084
1366668960 113392
1366671366 113389
1366671409 113622
1366680763 113942
1366698477 113942
1367197848 114070
1367214736 114210
1367214757 114210
1367215030 114189
1367218360 115289
1367277048 114189
1367282166 115174
1367282409 114109
1367282422 114160
1367305376 114166
1367305476 114171
1367358130 114354
1367376434 114361
1367379634 115133
1367448574 114477
1367452170 114577
1367454194 114578
1367454281 114597
1367477667 115035
1367481916 114597
1367498859 114599
1367538796 114611
1367723890 115088
1367821204 115111
1367894936 114961
1367976110 115052
1367997736 115292
1367999648 115292
1368012880 115292
1368078794 115291
1368079218 115292
1368081220 115672
1368402368 115671
1368428584 115797
1368491245 115794
1368491267 115806
1368511083 115803
1368516189 116189
1368516842 116232
1368520060 116528
1368586964 116529
1368676215 116592
1368676473 116592
1368676634 116620
1368676937 116662
1368692258 117964
1368802460 117070
1369010144 116824
1369028899 116897
1369029930 116902
1369030772 116904
1369093857 117534
1369113929 117078
1369194277 117133
1369197551 117263
1369197739 117272
1369206499 117535
1369207052 117534
1369208413 117593
1369267480 117589
1369271681 117591
1369272242 117740
1369278049 117966
1369288493 117939
1369291432 117940
1369357103 117945
1369632846 117943
1369724323 117940
1369786412 117956
1369786433 117956
1369786447 117957
1369787291 117989
1369890529 118052
1369893853 118073
1369893881 118085
1369894952 118085
1369961933 118085
1369966761 118301
1369967733 118312
1369973784 118398
1369975828 118408
1369975854 118512
1369985076 118519
1370079475 119036
1370173067 118573
1370238279 118573
1370239442 118582
1370241899 118611
1370244182 118656
1370307556 118658
1370329574 119214
1370476455 119141
1370480333 119109
1370481069 119141
1370493453 119389
1370573461 119394
1370575122 119397
1370577483 119400
